861694038489512
863051065035197
866854050165789
868345031761836
866854050027096
866854055184249
868345039607304
862057047620551
862531041263154
868184060303537
866854055216637
868345031734973
866854055211679
864495036087465
866854050003733
862531049180814
864495034295839
860803061496630
868345031718802
866192036044608
866795037100839
868184066705883
866795039002868
868204002383288
862531048834163
862531043133421
866854050024044
866854050053308
865532042833547
862531048796305
866854050027880
862531048346150
862531048351358
869627037873072
868204007572927
862531044695576
862531045941599
864495036088117
866854055346756
861785005444181
867793036150300
869696049957090
868345031807639
866854053795939
866854055325370
866854053792712
862531043618363
863051064702284
868204007554446
866854053789387
866854050176414
868204002587946
866854052172056
866795036107728
862531048010624
869286034919238
868926035515516
866854055379260
862531045592582
861693031112675
867157046275756
866854056423992
866854054443380
